>root
1 2 3 4 5 6 7 8 9 10 11 12 13 14 $
15 16 17 18 19 20 21 22 23 24 25 26 27 28 29 30 $
31 32 33 34 35 36 37 38 39 40 41 42 43 44 45 46 47 48 49 50 51 52 53 54 55 56 57 58 59 60 61 $
62 63 64 65 66 67 68 69 70 71 72 73 74 75 76 77 78 79 80 81 82 83 84 85 86 87 88 89 90 91 92 93 94 95 96 97 98 99 100 $
>s002
1 2 3 4 5 6 7 8 9 10 11 12 28 29 30 $
15 16 17 18 19 20 21 22 97 98 99 100 $
31 32 33 34 35 36 37 38 39 40 41 42 43 44 45 46 47 48 49 50 51 52 53 54 55 56 57 58 59 60 61 $
62 63 64 65 66 67 68 69 -78 -77 73 74 75 76 -72 -71 -70 79 80 81 82 83 84 -87 -86 -85 88 89 90 91 92 93 94 95 96 23 24 25 26 27 13 14 $
>s001
1 2 3 4 5 6 7 8 9 10 11 12 13 14 $
15 16 77 78 79 80 81 -19 -18 -17 -76 -75 -74 -73 -72 -71 -70 -69 -68 -67 -66 -65 -64 -63 -62 $
31 32 33 34 35 36 37 38 39 40 41 42 43 44 45 46 47 48 49 50 51 52 53 54 55 56 57 58 59 60 61 $
-30 24 25 26 27 28 29 -23 -22 -21 -20 87 -84 -83 -82 -86 -85 88 89 90 91 92 93 94 95 96 97 98 99 100 $
>s003
1 2 3 4 5 6 7 8 9 10 11 12 13 14 $
15 16 17 18 19 20 21 22 23 24 25 26 27 28 29 30 $
-100 66 67 68 69 70 71 -76 33 -35 -34 36 37 38 39 40 41 42 43 44 45 46 47 48 49 50 51 52 53 54 55 56 57 58 59 60 61 $
31 32 -75 -74 -73 -72 77 78 79 80 81 82 83 84 85 -88 -87 -86 89 90 91 92 93 94 95 96 97 98 99 -65 -64 -63 -62 $
>s004
1 2 3 4 5 6 7 8 9 10 11 12 13 14 $
15 16 17 18 19 20 21 22 23 24 25 26 27 28 29 30 $
62 63 44 45 46 47 48 49 50 51 52 53 54 55 56 57 58 59 $
-36 -35 -34 -33 -32 -31 37 38 39 40 41 42 43 64 65 66 67 68 69 70 71 72 73 74 75 76 77 78 79 80 81 -84 -83 -82 85 -88 -87 -86 89 90 91 92 93 94 95 96 97 98 99 100 $
>s005
1 -6 -5 -4 -3 -2 7 8 9 10 11 12 13 14 $
15 16 17 18 19 20 21 22 23 24 25 26 27 28 29 30 $
62 63 44 45 46 47 48 49 50 51 52 53 54 55 56 57 58 59 60 61 $
-36 -35 -34 -33 -32 -31 37 38 39 40 41 42 43 64 65 66 67 68 69 70 71 72 73 74 75 76 77 78 79 80 81 -84 -83 -82 85 -88 -87 -86 89 90 91 92 93 94 95 96 97 98 99 100 $
