>root
1 2 3 4 5 6 7 8 9 10 11 12 13 14 15 16 17 18 $
19 20 21 22 23 24 25 26 27 28 29 30 31 32 $
33 34 35 36 37 38 39 40 41 42 43 44 45 46 47 48 49 50 51 52 53 54 55 56 57 58 59 60 61 62 63 64 65 66 67 68 $
69 70 71 72 73 74 75 76 77 78 79 80 81 82 83 84 85 86 87 88 89 90 91 92 93 94 95 96 97 98 99 100 $
>s001
1 2 3 4 5 6 7 8 10 11 12 13 14 15 16 17 18 $
19 20 21 22 23 24 25 26 27 28 29 30 31 32 $
33 34 35 36 37 38 39 40 41 42 43 44 45 46 47 48 49 46 48 49 50 51 52 53 54 55 56 57 58 59 60 61 62 63 64 65 66 67 68 $
69 70 71 72 73 74 75 76 77 78 82 81 80 79 83 85 84 86 87 88 89 90 91 92 93 94 95 96 97 98 99 100 $
>s002
1 2 3 4 5 6 7 8 9 10 11 12 13 14 17 16 15 18 $
19 25 24 23 22 21 20 26 27 28 29 30 31 32 $
33 34 35 36 37 38 39 40 41 42 43 44 45 46 47 48 49 50 51 52 53 54 55 56 57 58 59 60 61 62 63 64 65 66 67 68 $
69 70 72 71 73 74 75 76 77 78 79 81 80 82 83 84 85 86 87 88 89 90 91 92 93 94 95 96 97 98 99 100 $
>s003
1 2 3 4 5 6 7 8 9 10 11 12 12 13 14 15 16 17 18 $
19 20 21 22 23 24 25 26 -75 -74 -73 -72 -71 -70 -69 $
33 34 35 36 37 38 39 40 41 42 43 44 45 46 47 48 49 50 51 52 53 54 55 56 57 58 59 60 61 62 63 64 65 66 67 68 $
-32 -31 -30 -29 -28 -27 76 77 78 79 81 80 82 83 84 85 86 87 88 89 90 92 91 93 94 95 96 97 98 99 100 $
>s004
1 2 3 4 5 6 7 8 9 10 11 12 13 14 15 16 17 18 $
19 20 21 22 23 24 25 26 27 28 29 30 31 32 $
33 34 35 36 37 38 39 40 41 42 43 44 45 46 47 48 49 50 51 52 53 54 55 56 57 58 59 60 61 62 63 64 65 66 67 68 $
69 70 71 72 73 74 75 76 77 78 77 78 79 81 80 82 83 84 85 86 87 88 89 90 92 91 94 93 95 96 97 98 99 100 $
>s005
1 2 3 4 5 6 7 8 9 10 11 12 13 14 15 16 17 18 $
19 20 21 22 23 24 25 26 27 -77 -78 -77 -76 -75 -74 -73 -72 -71 -70 -69 $
33 34 35 36 37 38 39 40 41 42 43 44 45 46 47 48 49 50 51 52 53 54 55 56 57 58 59 60 61 62 63 64 65 66 67 68 $
-32 -31 -30 -29 -28 78 79 81 80 82 83 84 85 86 87 88 89 90 92 91 93 94 95 96 97 98 99 100 $
