>root
1 2 3 4 5 6 7 8 9 10 11 12 13 14 15 16 17 18 19 20 21 22 23 24 25 26 27 $
28 29 30 31 32 33 34 35 36 37 38 39 40 41 42 43 44 45 46 47 48 49 $
50 51 52 53 54 55 56 57 58 59 60 61 62 63 64 65 66 67 68 69 70 71 72 73 74 75 76 77 $
78 79 80 81 82 83 84 85 86 87 88 89 90 91 92 93 94 95 96 97 98 99 100 $
>s003
1 2 3 4 5 6 7 8 9 10 11 12 13 14 15 16 17 18 19 20 21 22 23 24 25 26 27 $
28 29 30 31 32 33 34 35 36 37 38 39 40 41 42 43 44 45 46 47 48 49 $
50 51 52 53 54 55 56 57 58 59 60 61 62 63 64 65 66 67 68 69 70 71 72 73 74 75 76 77 $
78 79 80 81 86 85 84 83 82 87 88 89 90 91 92 93 95 94 96 97 98 99 100 $
>s001
-77 -76 -75 7 8 9 10 11 12 13 15 16 17 20 19 18 21 22 23 24 25 26 27 $
28 29 30 31 32 33 34 35 36 37 38 39 40 41 42 43 44 45 46 47 48 49 $
50 51 52 53 54 55 56 57 58 59 60 61 62 63 64 65 66 67 68 69 70 71 72 73 74 -6 -5 -4 -3 96 97 98 99 100 $
78 79 80 81 82 83 84 85 86 87 88 89 90 91 92 93 94 95 -2 -1 $
>s002
-100 -99 -98 19 20 -92 -93 -94 -95 -96 -97 18 21 22 23 24 25 26 27 $
28 29 30 31 32 33 34 35 36 37 38 39 40 41 42 43 44 45 46 47 48 49 $
50 51 52 53 54 55 56 57 58 59 60 61 62 63 64 65 66 67 68 69 70 71 72 73 74 75 76 77 $
78 79 80 81 82 83 84 85 86 87 88 89 90 91 -17 -16 -15 -13 -12 -11 -10 -9 -8 -7 -6 -5 -4 -3 -2 -1 $
>s005
78 79 80 81 11 14 13 12 15 16 17 18 27 25 24 23 22 21 20 19 26 $
28 29 30 31 32 33 34 35 36 37 38 39 40 41 42 43 44 45 46 47 48 49 $
55 54 53 52 51 50 56 57 58 59 60 61 62 63 64 65 66 67 68 69 70 71 72 73 74 75 76 77 $
1 2 3 4 5 6 7 8 9 10 82 83 84 85 86 87 88 89 90 91 92 93 94 95 96 97 98 99 100 $
>s004
-100 -99 -98 -97 -96 -95 -94 -93 -92 80 17 16 15 14 13 12 11 81 18 19 20 21 22 23 24 25 27 26 $
28 29 30 31 32 33 34 35 36 37 38 39 40 41 42 43 44 45 46 47 48 49 $
50 51 52 53 54 55 56 57 58 59 60 61 62 63 64 65 66 67 68 69 70 71 72 73 74 75 76 77 $
1 2 3 4 5 6 7 86 85 84 83 82 10 9 8 87 88 89 90 91 -79 -78 $
