>root
1 2 3 4 5 6 7 8 9 10 11 12 13 14 15 16 17 18 19 20 21 22 23 24 25 $
26 27 28 29 30 31 32 33 34 35 36 37 38 39 40 41 42 43 44 45 46 47 48 49 50 51 52 53 54 $
55 56 57 58 59 60 61 62 63 64 65 66 67 68 69 70 71 72 73 74 75 76 77 78 79 80 81 82 83 $
84 85 86 87 88 89 90 91 92 93 94 95 96 97 98 99 100 $
>s001
1 -7 -6 -5 -4 -3 -2 8 9 10 11 12 13 14 15 16 17 -22 -21 -20 -19 -18 23 24 25 $
26 27 28 29 30 31 32 33 34 35 36 37 38 39 40 41 42 43 44 45 46 97 98 99 100 $
55 56 57 58 59 60 61 62 63 64 65 66 67 68 69 -72 -71 -70 73 74 75 76 77 78 79 80 81 82 83 $
84 85 86 87 88 89 90 91 92 93 94 95 96 47 48 49 50 51 52 53 54 $
>s003
1 2 3 4 5 6 7 8 9 10 11 12 13 14 15 16 17 18 19 20 21 22 23 24 25 $
26 27 28 29 -36 -35 -34 -33 -32 -31 -37 30 38 39 40 92 93 94 95 96 97 98 99 100 $
55 56 57 58 59 60 61 62 63 64 65 66 67 68 69 70 71 72 73 74 75 76 77 78 79 80 81 82 83 $
-54 -53 -52 -51 -50 -49 -48 -47 -46 -45 -44 -43 86 87 88 89 90 91 41 42 -85 -84 $
>s002
1 -7 -6 -9 -8 2 3 4 5 10 11 12 22 -17 -16 -15 -14 -13 -21 -20 -19 -18 23 24 25 $
26 27 28 29 30 31 32 33 34 35 36 37 38 39 40 41 42 43 44 45 46 47 48 49 50 51 52 53 54 $
55 56 57 58 59 60 61 62 63 64 65 66 67 68 69 70 71 72 73 74 75 76 77 78 79 80 81 82 83 $
84 85 86 87 88 89 90 91 92 93 94 95 96 97 98 99 100 $
>s005
-54 11 12 13 14 15 16 17 18 19 20 21 22 23 24 25 $
26 27 28 29 -36 -35 -32 -31 -34 -33 -38 -37 30 39 40 41 42 43 44 45 46 47 48 49 50 51 52 53 -10 -9 -8 -7 -6 -5 -4 -3 -2 -1 $
55 56 57 58 59 60 61 62 63 64 65 66 67 68 69 70 71 72 73 74 75 76 77 78 79 80 81 82 83 $
84 85 86 87 88 89 90 91 92 93 94 95 96 97 98 99 100 $
>s004
1 2 3 4 5 6 7 8 10 11 12 13 -9 14 15 16 17 18 19 20 21 22 23 24 25 $
26 27 28 29 -36 -35 -38 -37 30 31 32 33 34 39 40 41 42 43 44 45 46 47 48 49 50 51 52 53 54 $
55 56 57 58 59 60 61 62 63 64 65 66 67 68 69 70 71 72 73 74 75 76 77 78 79 80 81 82 83 $
84 85 86 87 -90 -89 -88 91 92 93 94 95 96 97 98 99 100 $
