   72
Xiphophoru  0.000000  0.006451  0.519208  0.381375  0.386682  0.544430
  0.485004  0.502870  0.498560  0.467113  0.435340  0.884557  0.687321
  0.917875  0.904952  0.924323  0.949064  0.853733  0.841551  0.841551
  0.806979  0.641780  0.712667  0.815591  0.765400  0.847341  0.850179
  0.888911  0.895911  0.882312  0.824424  0.832340  0.895430  0.849521
  0.858894  0.857589  0.850338  0.829887  0.852639  0.881325  0.871074
  0.907613  0.864110  0.864110  0.891776  0.864789  0.863123  0.688021
  0.685758  0.686002  0.781672  0.754260  0.784107  0.696375  0.776287
  0.689336  0.705146  0.614535  0.635986  0.602157  0.575758  1.049818
  0.862957  0.780950  0.773948  0.788770  0.798480  0.983429  1.050863
  1.098340  0.796094  0.771203
Xiphophoru  0.006451  0.000000  0.515515  0.375853  0.381145  0.540670
  0.481796  0.498101  0.499391  0.456923  0.429827  0.869654  0.678527
  0.911308  0.890028  0.908943  0.933445  0.846943  0.834807  0.834807
  0.800408  0.641780  0.702870  0.809354  0.757913  0.841079  0.843819
  0.874140  0.889475  0.875933  0.818218  0.818146  0.888986  0.843251
  0.851993  0.851235  0.844076  0.823660  0.846346  0.883089  0.864752
  0.901255  0.857823  0.857823  0.885407  0.858501  0.856833  0.677677
  0.687071  0.687320  0.778174  0.750766  0.780603  0.692104  0.772807
  0.685073  0.700880  0.607291  0.628611  0.595552  0.569241  1.051265
  0.863809  0.781749  0.774761  0.789552  0.799272  0.984518  1.054683
  1.099590  0.797439  0.772541
Oreochromi  0.519208  0.515515  0.000000  0.240921  0.245606  0.439151
  0.391568  0.486375  0.448305  0.342527  0.285793  0.861534  0.735345
  0.977153  1.003940  1.026168  1.048216  0.961523  0.954193  0.944370
  0.936793  0.823353  0.669217  0.867565  0.717038  0.932478  0.922114
  1.001300  0.952614  0.954669  0.936691  0.889227  1.003736  0.954822
  0.897041  0.935789  0.943290  0.949418  0.936855  0.948124  0.967076
  0.971437  0.960785  0.960260  0.990467  0.969385  0.960015  0.761361
  0.768645  0.780751  0.776737  0.640671  0.658177  0.523183  0.669625
  0.526079  0.538645  0.619676  0.657672  0.633666  0.632312  1.069061
  0.792698  0.689494  0.663892  0.743859  0.723470  0.933079  0.970923
  1.089933  0.769958  0.791082
Nothobranc  0.381375  0.375853  0.240921  0.000000  0.003746  0.312568
  0.369420  0.294174  0.321680  0.310296  0.341831  0.700487  0.682641
  0.799065  0.773652  0.770134  0.795232  0.762265  0.749838  0.749838
  0.743018  0.744007  0.684663  0.710046  0.616134  0.750284  0.736481
  0.745982  0.780991  0.779292  0.713700  0.706397  0.743452  0.770382
  0.716837  0.720197  0.763732  0.760103  0.780374  0.774735  0.764580
  0.793933  0.786279  0.778010  0.806691  0.786635  0.785528  0.770936
  0.648554  0.635998  0.654512  0.634800  0.638628  0.456671  0.655530
  0.458229  0.472958  0.667464  0.686534  0.659071  0.615808  1.103503
  0.773860  0.758020  0.719050  0.789688  0.750543  1.017643  0.967399
  1.117008  0.756831  0.761314
Nothobranc  0.386682  0.381145  0.245606  0.003746  0.000000  0.314828
  0.371927  0.298930  0.326476  0.315232  0.346698  0.707374  0.675253
  0.806385  0.780795  0.777374  0.802554  0.769395  0.756928  0.756928
  0.750056  0.754039  0.693288  0.716980  0.616134  0.757328  0.743489
  0.752975  0.788161  0.786441  0.720561  0.713241  0.750535  0.777520
  0.724268  0.727032  0.770813  0.767167  0.787536  0.781857  0.771636
  0.801075  0.793398  0.785099  0.813925  0.793757  0.792645  0.780545
  0.655130  0.642536  0.648466  0.641060  0.644886  0.456671  0.661833
  0.458229  0.472958  0.674174  0.693401  0.665357  0.622003  1.103503
  0.767631  0.751829  0.712845  0.796675  0.757297  1.025942  0.975227
  1.125742  0.756831  0.761314
Oryzias_la  0.544430  0.540670  0.439151  0.312568  0.314828  0.000000
  0.463662  0.477006  0.394651  0.403594  0.301692  1.003766  0.698730
  1.044591  1.084877  1.087354  1.105623  1.159005  1.133267  1.109451
  1.083881  0.806476  0.689714  1.031555  0.852059  1.092369  1.062054
  1.078393  1.049380  1.053548  1.050938  1.030718  1.059374  1.066187
  1.000745  1.058618  1.078988  1.071007  1.029844  1.077249  1.067294
  1.116998  1.105711  1.104099  1.112827  1.100403  1.092322  0.798889
  0.816585  0.778606  0.857680  0.832604  0.856548  0.701937  0.880500
  0.707159  0.721081  0.616365  0.669299  0.667168  0.626371  1.064996
  0.753233  0.654407  0.629032  0.692660  0.687926  0.903939  0.896049
  0.990712  0.745352  0.744338
Tetraodon_  0.485004  0.481796  0.391568  0.369420  0.371927  0.463662
  0.000000  0.500054  0.323805  0.354275  0.278667  0.875898  0.677173
  0.962477  0.965835  0.977620  1.001237  0.911852  0.901224  0.896524
  0.885773  0.668916  0.731667  0.871598  0.849607  0.921649  0.914257
  0.941203  0.967245  0.960498  0.885859  0.860111  0.949626  0.895118
  0.921767  0.901573  0.928616  0.885636  0.907529  0.930816  0.927008
  0.962362  0.948761  0.952130  0.979376  0.938929  0.942825  0.711494
  0.744518  0.731625  0.802241  0.708847  0.712352  0.694975  0.724623
  0.697686  0.711512  0.552313  0.571900  0.543805  0.526999  1.114851
  0.802615  0.729810  0.719877  0.719789  0.697187  0.899578  1.013392
  1.086697  0.820528  0.830820
Kryptolebi  0.502870  0.498101  0.486375  0.294174  0.298930  0.477006
  0.500054  0.000000  0.388816  0.406293  0.281084  0.948463  0.680802
  0.986403  0.989818  0.991266  1.008617  0.991828  0.996121  0.982278
  0.942188  0.683764  0.689035  0.929265  0.855837  0.957542  0.942529
  0.989556  0.978959  0.978958  0.911422  0.908165  0.985611  0.983210
  0.990482  0.927285  0.992213  0.908531  0.960413  0.979559  0.952370
  1.023300  0.966574  0.960903  0.999136  0.987575  0.975116  0.707713
  0.809047  0.807180  0.887934  0.794815  0.835192  0.719825  0.842819
  0.720010  0.736398  0.600112  0.624949  0.624650  0.589120  1.115859
  0.793655  0.683087  0.663846  0.739932  0.697139  0.883708  1.057354
  1.041140  0.821720  0.792352
Epinephelu  0.498560  0.499391  0.448305  0.321680  0.326476  0.394651
  0.323805  0.388816  0.000000  0.266611  0.184782  0.935810  0.708697
  0.953285  0.994880  0.994973  1.011760  1.025415  1.017791  0.970582
  0.983758  0.752747  0.705393  0.931916  0.807408  0.980257  0.962652
  1.034928  0.996480  0.999836  0.940920  0.939076  1.004767  0.975264
  0.928393  0.933483  0.973945  0.907237  0.961555  0.948174  0.992874
  1.044795  1.028383  1.022284  1.070506  1.022748  1.020930  0.760016
  0.781830  0.776375  0.808347  0.722094  0.736259  0.613631  0.745087
  0.616467  0.616792  0.624166  0.658947  0.614574  0.601545  1.097430
  0.792640  0.684429  0.658814  0.734493  0.704453  0.851303  0.976144
  1.052339  0.769256  0.800389
Paralichth  0.467113  0.456923  0.342527  0.310296  0.315232  0.403594
  0.354275  0.406293  0.266611  0.000000  0.144461  0.904584  0.727267
  0.998675  1.030662  1.028159  1.046564  0.984315  0.979180  0.943446
  0.952354  0.735932  0.741230  0.902375  0.803223  0.954925  0.961175
  1.037290  1.052141  1.045507  0.957469  0.935311  1.026989  0.960558
  0.939286  0.972146  0.966301  0.948654  0.975639  0.979165  1.033874
  1.021482  1.036847  1.028586  1.082462  1.036160  1.034219  0.761327
  0.778028  0.765709  0.786749  0.703996  0.718467  0.599984  0.728110
  0.603584  0.617470  0.605090  0.652569  0.635577  0.611104  1.035320
  0.841215  0.749527  0.710903  0.756116  0.751669  0.935558  1.002073
  1.097928  0.853273  0.843227
Platichthy  0.435340  0.429827  0.285793  0.341831  0.346698  0.301692
  0.278667  0.281084  0.184782  0.144461  0.000000  0.713696  0.708836
  0.806804  0.775356  0.805631  0.823767  0.782053  0.774953  0.774953
  0.748095  0.723073  0.758779  0.732464  0.699703  0.742822  0.749560
  0.783382  0.802102  0.800392  0.758710  0.718199  0.775279  0.776157
  0.773074  0.758439  0.760895  0.742032  0.779489  0.782853  0.767837
  0.812873  0.790630  0.782549  0.819332  0.783268  0.784625  0.749647
  0.649489  0.638603  0.666035  0.607109  0.608115  0.470827  0.620784
  0.472538  0.472718  0.590498  0.633370  0.589936  0.589773  1.102119
  0.792415  0.735367  0.704993  0.732010  0.724385  0.918199  0.939756
  1.072516  0.803319  0.782100
Gallus_gal  0.884557  0.869654  0.861534  0.700487  0.707374  1.003766
  0.875898  0.948463  0.935810  0.904584  0.713696  0.000000  0.553960
  0.716746  0.704627  0.748738  0.766779  0.671632  0.675703  0.672650
  0.672865  0.481561  0.438814  0.637953  0.521938  0.628376  0.632884
  0.689967  0.736079  0.735489  0.647988  0.650537  0.683684  0.690964
  0.649141  0.699164  0.670188  0.605530  0.700763  0.673930  0.674230
  0.674536  0.690336  0.684553  0.729477  0.699285  0.687295  0.502700
  0.650833  0.645110  0.771051  0.818853  0.840941  0.704595  0.832041
  0.701458  0.708775  0.545411  0.547365  0.567375  0.569568  0.993695
  0.805392  0.701638  0.709273  0.744923  0.694038  0.946066  1.025943
  1.169010  0.865995  0.900685
Monodelphi  0.687321  0.678527  0.735345  0.682641  0.675253  0.698730
  0.677173  0.680802  0.708697  0.727267  0.708836  0.553960  0.000000
  0.334899  0.357739  0.351037  0.368377  0.359558  0.352104  0.352104
  0.338192  0.355497  0.356636  0.334153  0.295334  0.321389  0.348997
  0.401136  0.381388  0.370438  0.342707  0.321637  0.326480  0.324886
  0.273667  0.309564  0.299392  0.322224  0.332676  0.312128  0.320307
  0.349435  0.324566  0.319130  0.334881  0.325901  0.331165  0.354306
  0.572552  0.586983  0.577932  0.703278  0.692880  0.412085  0.712249
  0.401285  0.399388  0.694530  0.671927  0.649280  0.632407  1.040364
  0.668973  0.655190  0.666798  0.630274  0.641081  0.881186  0.775378
  1.022834  0.832831  0.851939
Mastomys_n  0.917875  0.911308  0.977153  0.799065  0.806385  1.044591
  0.962477  0.986403  0.953285  0.998675  0.806804  0.716746  0.334899
  0.000000  0.126621  0.133198  0.142355  0.333036  0.331169  0.331565
  0.303477  0.205761  0.199389  0.262210  0.226910  0.243477  0.270763
  0.291885  0.239642  0.243816  0.289394  0.296744  0.313680  0.262899
  0.244844  0.302240  0.234738  0.276954  0.193155  0.237061  0.288969
  0.279983  0.268119  0.270482  0.294944  0.265715  0.268705  0.155022
  0.776686  0.774229  0.779425  0.849017  0.855666  0.659256  0.839576
  0.662035  0.665404  0.683344  0.682401  0.657270  0.631385  1.027731
  0.839542  0.756936  0.731511  0.777093  0.778714  1.018986  1.102332
  1.070991  0.881183  0.930421
Rattus_nor  0.904952  0.890028  1.003940  0.773652  0.780795  1.084877
  0.965835  0.989818  0.994880  1.030662  0.775356  0.704627  0.357739
  0.126621  0.000000  0.119597  0.128340  0.328784  0.319167  0.308176
  0.301344  0.178262  0.169623  0.280240  0.235722  0.260915  0.267957
  0.248519  0.229414  0.235044  0.292668  0.301468  0.299085  0.261713
  0.253843  0.289355  0.235213  0.286330  0.187593  0.207743  0.286523
  0.260224  0.264414  0.266672  0.288576  0.258476  0.260619  0.132833
  0.790360  0.787459  0.794172  0.852635  0.859306  0.659423  0.848271
  0.668009  0.672752  0.688445  0.682710  0.645665  0.643367  0.992148
  0.850606  0.752751  0.733870  0.777335  0.760651  1.006276  1.104626
  1.078538  0.905619  0.937969
Mus_muscul  0.924323  0.908943  1.026168  0.770134  0.777374  1.087354
  0.977620  0.991266  0.994973  1.028159  0.805631  0.748738  0.351037
  0.133198  0.119597  0.000000  0.007915  0.328162  0.318285  0.309544
  0.294131  0.193651  0.199510  0.278231  0.260575  0.257366  0.278738
  0.283776  0.266352  0.263531  0.309537  0.301748  0.318495  0.262977
  0.259566  0.312329  0.256010  0.303432  0.213024  0.230625  0.291738
  0.277319  0.272886  0.275169  0.295609  0.261384  0.263464  0.163290
  0.756040  0.771095  0.794188  0.882646  0.884548  0.648776  0.860190
  0.657494  0.662379  0.690642  0.696617  0.667456  0.646693  1.025920
  0.855539  0.761742  0.742171  0.790619  0.788155  1.046445  1.126967
  1.084004  0.886075  0.930943
Murid_herp  0.949064  0.933445  1.048216  0.795232  0.802554  1.105623
  1.001237  1.008617  1.011760  1.046564  0.823767  0.766779  0.368377
  0.142355  0.128340  0.007915  0.000000  0.339195  0.329258  0.320878
  0.304989  0.205326  0.217376  0.288931  0.275903  0.267678  0.289203
  0.294129  0.276284  0.273467  0.320443  0.312579  0.329220  0.273159
  0.272467  0.323142  0.266205  0.314039  0.222610  0.240624  0.302158
  0.287530  0.283222  0.285490  0.302105  0.271584  0.273657  0.179597
  0.774304  0.789687  0.811985  0.896475  0.898173  0.664619  0.873523
  0.673508  0.678380  0.705351  0.717243  0.686476  0.665376  1.050771
  0.878634  0.784675  0.765329  0.813282  0.810368  1.075235  1.154048
  1.115798  0.924763  0.971408
Bubalus_bu  0.853733  0.846943  0.961523  0.762265  0.769395  1.159005
  0.911852  0.991828  1.025415  0.984315  0.782053  0.671632  0.359558
  0.333036  0.328784  0.328162  0.339195  0.000000  0.029144  0.032984
  0.071093  0.091207  0.159108  0.199509  0.164364  0.137860  0.159869
  0.314388  0.320961  0.327416  0.230439  0.233075  0.297183  0.229936
  0.203821  0.250225  0.226144  0.215435  0.252568  0.204345  0.263024
  0.255744  0.241447  0.241352  0.268668  0.225234  0.236172  0.167689
  0.739841  0.746322  0.741892  0.760906  0.769548  0.582748  0.772272
  0.590859  0.588269  0.645339  0.648646  0.611080  0.591741  1.019758
  0.866075  0.757940  0.751773  0.795354  0.760349  0.994820  1.047380
  1.056058  0.871677  0.891955
Bos_taurus  0.841551  0.834807  0.954193  0.749838  0.756928  1.133267
  0.901224  0.996121  1.017791  0.979180  0.774953  0.675703  0.352104
  0.331169  0.319167  0.318285  0.329258  0.029144  0.000000  0.002720
  0.065728  0.081821  0.147562  0.184925  0.147035  0.132390  0.154327
  0.294205  0.311744  0.316939  0.230483  0.230466  0.286364  0.214238
  0.192385  0.247613  0.210617  0.203316  0.243175  0.198275  0.260425
  0.246328  0.232045  0.231955  0.259227  0.215938  0.220563  0.137443
  0.732607  0.737862  0.737680  0.746594  0.755245  0.573247  0.757943
  0.581265  0.578723  0.645313  0.646997  0.608680  0.594024  1.007304
  0.865717  0.754655  0.751488  0.785257  0.750235  1.005342  1.065897
  1.049767  0.859530  0.879698
Bos_primig  0.841551  0.834807  0.944370  0.749838  0.756928  1.109451
  0.896524  0.982278  0.970582  0.943446  0.774953  0.672650  0.352104
  0.331565  0.308176  0.309544  0.320878  0.032984  0.002720  0.000000
  0.068015  0.081821  0.147562  0.182144  0.147035  0.137125  0.156801
  0.292532  0.307177  0.312585  0.219834  0.226518  0.281043  0.209889
  0.192385  0.240028  0.202575  0.193897  0.239207  0.196334  0.249463
  0.242989  0.217121  0.217036  0.248165  0.203827  0.208627  0.137443
  0.715820  0.726205  0.735984  0.745304  0.754058  0.573247  0.756785
  0.581265  0.578723  0.644799  0.646482  0.606993  0.592381  1.007304
  0.865717  0.754655  0.751488  0.785257  0.750235  1.005342  1.065897
  1.049767  0.859530  0.879698
Ovis_aries  0.806979  0.800408  0.936793  0.743018  0.750056  1.083881
  0.885773  0.942188  0.983758  0.952354  0.748095  0.672865  0.338192
  0.303477  0.301344  0.294131  0.304989  0.071093  0.065728  0.068015
  0.000000  0.046693  0.153044  0.169301  0.153536  0.111919  0.131557
  0.292827  0.303123  0.306448  0.206897  0.213075  0.263473  0.193000
  0.177878  0.246029  0.198424  0.198287  0.218509  0.183878  0.248678
  0.230348  0.219662  0.219579  0.240961  0.205849  0.214837  0.130506
  0.732307  0.739925  0.730445  0.795576  0.807029  0.590538  0.804288
  0.598859  0.598362  0.641162  0.651906  0.623082  0.601462  0.999663
  0.818834  0.722652  0.715614  0.765502  0.723617  0.980051  1.044574
  1.058753  0.857703  0.879324
Muntiacus_  0.641780  0.641780  0.823353  0.744007  0.754039  0.806476
  0.668916  0.683764  0.752747  0.735932  0.723073  0.481561  0.355497
  0.205761  0.178262  0.193651  0.205326  0.091207  0.081821  0.081821
  0.046693  0.000000  0.144357  0.157955  0.123316  0.096962  0.091572
  0.257394  0.230104  0.242108  0.182358  0.144993  0.189552  0.152373
  0.093269  0.174448  0.139944  0.144773  0.148729  0.140045  0.195671
  0.158052  0.138150  0.143258  0.143362  0.132318  0.137384  0.126661
  0.648006  0.649136  0.623862  0.722379  0.735103  0.353515  0.724917
  0.354264  0.366514  0.667042  0.661274  0.660860  0.651336  1.040425
  0.768053  0.755831  0.765982  0.691434  0.649690  0.911413  0.861631
  1.137872  0.872862  0.869608
Equus_asin  0.712667  0.702870  0.669217  0.684663  0.693288  0.689714
  0.731667  0.689035  0.705393  0.741230  0.758779  0.438814  0.356636
  0.199389  0.169623  0.199510  0.217376  0.159108  0.147562  0.147562
  0.153044  0.144357  0.000000  0.050201  0.032463  0.119478  0.114254
  0.211237  0.184236  0.189219  0.140493  0.119909  0.185512  0.128138
  0.138876  0.136282  0.168138  0.125287  0.145303  0.141257  0.188870
  0.153461  0.137682  0.143138  0.162107  0.126287  0.131688  0.123617
  0.519888  0.534016  0.505632  0.517301  0.515992  0.351639  0.512453
  0.352208  0.359853  0.481875  0.443848  0.505763  0.505133  0.995552
  0.698878  0.678538  0.701725  0.699237  0.687335  0.962694  0.922836
  1.096175  0.914673  0.962888
Equus_caba  0.815591  0.809354  0.867565  0.710046  0.716980  1.031555
  0.871598  0.929265  0.931916  0.902375  0.732464  0.637953  0.334153
  0.262210  0.280240  0.278231  0.288931  0.199509  0.184925  0.182144
  0.169301  0.157955  0.050201  0.000000  0.003843  0.117960  0.130181
  0.293631  0.266073  0.267770  0.152130  0.149549  0.243305  0.171089
  0.176573  0.186236  0.181914  0.146396  0.188060  0.176855  0.223760
  0.206535  0.182431  0.182365  0.212608  0.172705  0.181134  0.090987
  0.745343  0.731029  0.684120  0.763263  0.781477  0.557015  0.775729
  0.566061  0.569649  0.630317  0.617869  0.625761  0.617740  0.987005
  0.785106  0.704206  0.702988  0.757505  0.726930  0.968761  1.036573
  1.062797  0.872729  0.903754
Equidae     0.765400  0.757913  0.717038  0.616134  0.616134  0.852059
  0.849607  0.855837  0.807408  0.803223  0.699703  0.521938  0.295334
  0.226910  0.235722  0.260575  0.275903  0.164364  0.147035  0.147035
  0.153536  0.123316  0.032463  0.003843  0.000000  0.118241  0.105960
  0.254698  0.238919  0.247619  0.140096  0.141550  0.233996  0.159850
  0.173186  0.163412  0.180256  0.127422  0.179127  0.151923  0.222095
  0.221028  0.189565  0.189464  0.239119  0.179708  0.192090  0.094668
  0.616116  0.608810  0.583492  0.571874  0.588719  0.508392  0.583850
  0.515843  0.521799  0.427364  0.415565  0.482141  0.493541  0.986122
  0.707027  0.628237  0.604368  0.714400  0.686493  0.938074  0.993459
  1.035962  0.879317  0.914877
Delphinapt  0.847341  0.841079  0.932478  0.750284  0.757328  1.092369
  0.921649  0.957542  0.980257  0.954925  0.742822  0.628376  0.321389
  0.243477  0.260915  0.257366  0.267678  0.137860  0.132390  0.137125
  0.111919  0.096962  0.119478  0.117960  0.118241  0.000000  0.087991
  0.269150  0.255134  0.261212  0.165610  0.164223  0.231239  0.173009
  0.170518  0.189984  0.150128  0.149543  0.168202  0.145602  0.175774
  0.184065  0.169311  0.169253  0.180307  0.151085  0.159597  0.091324
  0.722634  0.713383  0.707038  0.772458  0.786494  0.576217  0.777611
  0.584219  0.585892  0.622643  0.625032  0.619140  0.616841  1.003801
  0.810490  0.699148  0.697192  0.753349  0.726296  0.989787  1.040995
  1.062194  0.873976  0.896744
Sus_scrofa  0.850179  0.843819  0.922114  0.736481  0.743489  1.062054
  0.914257  0.942529  0.962652  0.961175  0.749560  0.632884  0.348997
  0.270763  0.267957  0.278738  0.289203  0.159869  0.154327  0.156801
  0.131557  0.091572  0.114254  0.130181  0.105960  0.087991  0.000000
  0.266829  0.258193  0.256679  0.180858  0.171433  0.245715  0.204012
  0.192995  0.216791  0.174587  0.158312  0.191448  0.167497  0.212609
  0.218510  0.200494  0.200421  0.217317  0.182021  0.189912  0.120858
  0.724457  0.713525  0.698197  0.756849  0.780608  0.578799  0.772821
  0.586766  0.591360  0.600420  0.601059  0.617852  0.597936  0.984703
  0.805223  0.706165  0.694247  0.754575  0.717423  0.998034  1.032965
  1.026274  0.864856  0.887575
Meriones_u  0.888911  0.874140  1.001300  0.745982  0.752975  1.078393
  0.941203  0.989556  1.034928  1.037290  0.783382  0.689967  0.401136
  0.291885  0.248519  0.283776  0.294129  0.314388  0.294205  0.292532
  0.292827  0.257394  0.211237  0.293631  0.254698  0.269150  0.266829
  0.000000  0.250450  0.259824  0.321964  0.320158  0.301819  0.290258
  0.273730  0.327240  0.250781  0.296987  0.245916  0.237637  0.289048
  0.289195  0.278051  0.280339  0.302119  0.269260  0.264346  0.186893
  0.750066  0.765206  0.786802  0.830462  0.832303  0.633438  0.831892
  0.641984  0.639150  0.682489  0.692041  0.672209  0.639731  0.993823
  0.846672  0.749341  0.735975  0.779657  0.768466  0.989856  1.161570
  1.083150  0.893156  0.895595
Mesocricet  0.895911  0.889475  0.952614  0.780991  0.788161  1.049380
  0.967245  0.978959  0.996480  1.052141  0.802102  0.736079  0.381388
  0.239642  0.229414  0.266352  0.276284  0.320961  0.311744  0.307177
  0.303123  0.230104  0.184236  0.266073  0.238919  0.255134  0.258193
  0.250450  0.000000  0.046991  0.279744  0.281503  0.304006  0.254708
  0.265813  0.249736  0.249478  0.294487  0.175007  0.229962  0.272651
  0.259083  0.258319  0.260567  0.282334  0.252657  0.255718  0.165725
  0.768880  0.770175  0.779690  0.827805  0.821066  0.615710  0.818998
  0.621488  0.624905  0.687884  0.670177  0.664435  0.641952  0.963416
  0.871783  0.772831  0.754064  0.767824  0.775671  0.974420  1.130984
  1.018966  0.852624  0.880182
Cricetulus  0.882312  0.875933  0.954669  0.779292  0.786441  1.053548
  0.960498  0.978958  0.999836  1.045507  0.800392  0.735489  0.370438
  0.243816  0.235044  0.263531  0.273467  0.327416  0.316939  0.312585
  0.306448  0.242108  0.189219  0.267770  0.247619  0.261212  0.256679
  0.259824  0.046991  0.000000  0.276108  0.285191  0.307114  0.261664
  0.270448  0.258198  0.250886  0.292568  0.177063  0.239563  0.273459
  0.266516  0.258320  0.260570  0.279112  0.252341  0.256448  0.175768
  0.747701  0.752169  0.788017  0.822739  0.826768  0.619676  0.821026
  0.625478  0.628879  0.698283  0.688536  0.662761  0.629883  0.966750
  0.872963  0.778368  0.766097  0.779963  0.782683  0.977030  1.126533
  1.041656  0.857908  0.891283
Ailuropoda  0.824424  0.818218  0.936691  0.713700  0.720561  1.050938
  0.885859  0.911422  0.940920  0.957469  0.758710  0.647988  0.342707
  0.289394  0.292668  0.309537  0.320443  0.230439  0.230483  0.219834
  0.206897  0.182358  0.140493  0.152130  0.140096  0.165610  0.180858
  0.321964  0.279744  0.276108  0.000000  0.080637  0.275786  0.200937
  0.180538  0.222961  0.205224  0.136944  0.210298  0.187649  0.232496
  0.218391  0.203964  0.207087  0.235772  0.194797  0.202296  0.104908
  0.726386  0.733049  0.724873  0.788153  0.798376  0.580145  0.789578
  0.589381  0.592911  0.638232  0.622804  0.617212  0.603556  0.989696
  0.803113  0.706432  0.703971  0.771369  0.727393  0.996378  1.070297
  1.094897  0.850627  0.883892
Canis_lupu  0.832340  0.818146  0.889227  0.706397  0.713241  1.030718
  0.860111  0.908165  0.939076  0.935311  0.718199  0.650537  0.321637
  0.296744  0.301468  0.301748  0.312579  0.233075  0.230466  0.226518
  0.213075  0.144993  0.119909  0.149549  0.141550  0.164223  0.171433
  0.320158  0.281503  0.285191  0.080637  0.000000  0.273612  0.205592
  0.192280  0.212878  0.203935  0.138414  0.205538  0.186260  0.235342
  0.216556  0.201816  0.204952  0.230016  0.197152  0.204629  0.104401
  0.729921  0.735289  0.725942  0.802035  0.815132  0.621576  0.806155
  0.631223  0.634674  0.644277  0.622899  0.623868  0.608782  0.973532
  0.792099  0.683929  0.681484  0.753776  0.723100  0.943797  1.013671
  1.049762  0.860552  0.888688
Cavia_porc  0.895430  0.888986  1.003736  0.743452  0.750535  1.059374
  0.949626  0.985611  1.004767  1.026989  0.775279  0.683684  0.326480
  0.313680  0.299085  0.318495  0.329220  0.297183  0.286364  0.281043
  0.263473  0.189552  0.185512  0.243305  0.233996  0.231239  0.245715
  0.301819  0.304006  0.307114  0.275786  0.273612  0.000000  0.212947
  0.211949  0.263063  0.132719  0.259136  0.206623  0.207402  0.246100
  0.237802  0.240363  0.243008  0.263623  0.244163  0.248315  0.164522
  0.753766  0.745370  0.774493  0.843736  0.834806  0.610021  0.830667
  0.619362  0.622766  0.655318  0.673320  0.677774  0.650461  1.016651
  0.783909  0.667105  0.657945  0.730201  0.709591  0.947989  1.043597
  1.060777  0.898065  0.926438
Marmota_mo  0.849521  0.843251  0.954822  0.770382  0.777520  1.066187
  0.895118  0.983210  0.975264  0.960558  0.776157  0.690964  0.324886
  0.262899  0.261713  0.262977  0.273159  0.229936  0.214238  0.209889
  0.193000  0.152373  0.128138  0.171089  0.159850  0.173009  0.204012
  0.290258  0.254708  0.261664  0.200937  0.205592  0.212947  0.000000
  0.026017  0.206027  0.151066  0.227287  0.143592  0.144425  0.195793
  0.176153  0.159337  0.159285  0.177650  0.156497  0.153037  0.091777
  0.727536  0.742369  0.739112  0.778526  0.788115  0.573956  0.788552
  0.582883  0.586330  0.619119  0.612524  0.615120  0.589828  0.995565
  0.842046  0.727645  0.710572  0.757077  0.742084  0.981122  1.086183
  1.051049  0.862029  0.896010
Otospermop  0.858894  0.851993  0.897041  0.716837  0.724268  1.000745
  0.921767  0.990482  0.928393  0.939286  0.773074  0.649141  0.273667
  0.244844  0.253843  0.259566  0.272467  0.203821  0.192385  0.192385
  0.177878  0.093269  0.138876  0.176573  0.173186  0.170518  0.192995
  0.273730  0.265813  0.270448  0.180538  0.192280  0.211949  0.026017
  0.000000  0.213553  0.154634  0.211198  0.145643  0.144222  0.177880
  0.179634  0.162281  0.162214  0.185573  0.158838  0.154473  0.076453
  0.673047  0.694900  0.712449  0.684707  0.690479  0.594405  0.691921
  0.603827  0.607347  0.468472  0.452727  0.501286  0.477074  0.985949
  0.837637  0.715560  0.695053  0.744087  0.739301  0.972097  1.082988
  1.029943  0.863414  0.897446
Loxodonta_  0.857589  0.851235  0.935789  0.720197  0.727032  1.058618
  0.901573  0.927285  0.933483  0.972146  0.758439  0.699164  0.309564
  0.302240  0.289355  0.312329  0.323142  0.250225  0.247613  0.240028
  0.246029  0.174448  0.136282  0.186236  0.163412  0.189984  0.216791
  0.327240  0.249736  0.258198  0.222961  0.212878  0.263063  0.206027
  0.213553  0.000000  0.214133  0.210898  0.201248  0.195201  0.222464
  0.219311  0.197496  0.200199  0.226360  0.198099  0.199825  0.121611
  0.763071  0.763553  0.704620  0.814590  0.828787  0.642301  0.834354
  0.643497  0.646857  0.652381  0.629728  0.630659  0.595881  1.001103
  0.806619  0.708561  0.701731  0.731405  0.711853  0.953830  1.059524
  1.038671  0.838547  0.872278
Heteroceph  0.850338  0.844076  0.943290  0.763732  0.770813  1.078988
  0.928616  0.992213  0.973945  0.966301  0.760895  0.670188  0.299392
  0.234738  0.235213  0.256010  0.266205  0.226144  0.210617  0.202575
  0.198424  0.139944  0.168138  0.181914  0.180256  0.150128  0.174587
  0.250781  0.249478  0.250886  0.205224  0.203935  0.132719  0.151066
  0.154634  0.214133  0.000000  0.218851  0.150777  0.150878  0.203006
  0.195660  0.185319  0.185255  0.204587  0.177759  0.181550  0.112034
  0.709711  0.716455  0.710267  0.794171  0.793880  0.587817  0.791664
  0.596855  0.595858  0.661350  0.663010  0.635764  0.614852  1.004702
  0.849421  0.736188  0.726667  0.767307  0.733142  0.971741  1.082958
  1.059027  0.905247  0.934066
Felis_catu  0.829887  0.823660  0.949418  0.760103  0.767167  1.071007
  0.885636  0.908531  0.907237  0.948654  0.742032  0.605530  0.322224
  0.276954  0.286330  0.303432  0.314039  0.215435  0.203316  0.193897
  0.198287  0.144773  0.125287  0.146396  0.127422  0.149543  0.158312
  0.296987  0.294487  0.292568  0.136944  0.138414  0.259136  0.227287
  0.211198  0.210898  0.218851  0.000000  0.226173  0.198837  0.238813
  0.227363  0.217115  0.219846  0.245662  0.211726  0.213606  0.108819
  0.727268  0.725306  0.721979  0.798987  0.811355  0.599885  0.804234
  0.609292  0.609734  0.651927  0.639889  0.622345  0.614432  0.995410
  0.789725  0.690523  0.688951  0.742788  0.709913  0.995826  1.025530
  1.075473  0.865500  0.899179
Nannospala  0.852639  0.846346  0.936855  0.780374  0.787536  1.029844
  0.907529  0.960413  0.961555  0.975639  0.779489  0.700763  0.332676
  0.193155  0.187593  0.213024  0.222610  0.252568  0.243175  0.239207
  0.218509  0.148729  0.145303  0.188060  0.179127  0.168202  0.191448
  0.245916  0.175007  0.177063  0.210298  0.205538  0.206623  0.143592
  0.145643  0.201248  0.150777  0.226173  0.000000  0.146970  0.190752
  0.175084  0.170442  0.173259  0.191329  0.160520  0.162794  0.086288
  0.722457  0.721091  0.728531  0.807265  0.818696  0.629990  0.815796
  0.635887  0.639265  0.636435  0.636889  0.619171  0.583931  1.030618
  0.827560  0.721136  0.701760  0.762008  0.762133  0.982707  1.091990
  1.034832  0.878096  0.912326
Oryctolagu  0.881325  0.883089  0.948124  0.774735  0.781857  1.077249
  0.930816  0.979559  0.948174  0.979165  0.782853  0.673930  0.312128
  0.237061  0.207743  0.230625  0.240624  0.204345  0.198275  0.196334
  0.183878  0.140045  0.141257  0.176855  0.151923  0.145602  0.167497
  0.237637  0.229962  0.239563  0.187649  0.186260  0.207402  0.144425
  0.144222  0.195201  0.150878  0.198837  0.146970  0.000000  0.186482
  0.153240  0.149451  0.149403  0.177711  0.143466  0.148492  0.072255
  0.744199  0.758566  0.722026  0.807094  0.811463  0.580923  0.806237
  0.588914  0.593513  0.649003  0.639884  0.627076  0.618157  1.014328
  0.853266  0.740760  0.718099  0.771432  0.762896  0.981161  1.089018
  1.092677  0.889919  0.924528
Tupaia_bel  0.871074  0.864752  0.967076  0.764580  0.771636  1.067294
  0.927008  0.952370  0.992874  1.033874  0.767837  0.674230  0.320307
  0.288969  0.286523  0.291738  0.302158  0.263024  0.260425  0.249463
  0.248678  0.195671  0.188870  0.223760  0.222095  0.175774  0.212609
  0.289048  0.272651  0.273459  0.232496  0.235342  0.246100  0.195793
  0.177880  0.222464  0.203006  0.238813  0.190752  0.186482  0.000000
  0.157545  0.090229  0.087492  0.113695  0.090705  0.071387  0.111499
  0.731456  0.722711  0.743840  0.766777  0.771444  0.579776  0.762755
  0.588773  0.592214  0.617953  0.622990  0.577631  0.573362  1.030873
  0.812110  0.703710  0.686985  0.710492  0.719441  0.962154  1.030016
  1.048350  0.881330  0.931199
Callithrix  0.907613  0.901255  0.971437  0.793933  0.801075  1.116998
  0.962362  1.023300  1.044795  1.021482  0.812873  0.674536  0.349435
  0.279983  0.260224  0.277319  0.287530  0.255744  0.246328  0.242989
  0.230348  0.158052  0.153461  0.206535  0.221028  0.184065  0.218510
  0.289195  0.259083  0.266516  0.218391  0.216556  0.237802  0.176153
  0.179634  0.219311  0.195660  0.227363  0.175084  0.153240  0.157545
  0.000000  0.099476  0.099556  0.125128  0.105023  0.104790  0.051789
  0.738177  0.750866  0.741753  0.809515  0.823005  0.636594  0.817626
  0.641197  0.645903  0.629525  0.638152  0.629949  0.600989  1.018690
  0.871413  0.763170  0.737227  0.780689  0.768907  1.012415  1.090931
  1.086434  0.934659  0.964968
Chlorocebu  0.864110  0.857823  0.960785  0.786279  0.793398  1.105711
  0.948761  0.966574  1.028383  1.036847  0.790630  0.690336  0.324566
  0.268119  0.264414  0.272886  0.283222  0.241447  0.232045  0.217121
  0.219662  0.138150  0.137682  0.182431  0.189565  0.169311  0.200494
  0.278051  0.258319  0.258320  0.203964  0.201816  0.240363  0.159337
  0.162281  0.197496  0.185319  0.217115  0.170442  0.149451  0.090229
  0.099476  0.000000  0.005101  0.068713  0.046892  0.044306  0.018564
  0.729842  0.719052  0.724411  0.776115  0.799125  0.585838  0.787852
  0.594939  0.598386  0.625650  0.612717  0.606645  0.589982  1.013133
  0.870790  0.756622  0.739422  0.768258  0.755408  0.985032  1.098396
  1.079473  0.916885  0.967871
Macaca_mul  0.864110  0.857823  0.960260  0.778010  0.785099  1.104099
  0.952130  0.960903  1.022284  1.028586  0.782549  0.684553  0.319130
  0.270482  0.266672  0.275169  0.285490  0.241352  0.231955  0.217036
  0.219579  0.143258  0.143138  0.182365  0.189464  0.169253  0.200421
  0.280339  0.260567  0.260570  0.207087  0.204952  0.243008  0.159285
  0.162214  0.200199  0.185255  0.219846  0.173259  0.149403  0.087492
  0.099556  0.005101  0.000000  0.068694  0.046880  0.044294  0.023232
  0.728803  0.718274  0.724481  0.781128  0.803250  0.584979  0.791958
  0.594062  0.597507  0.624524  0.611595  0.604097  0.588759  1.013133
  0.865339  0.755261  0.738041  0.768258  0.755408  0.985032  1.094029
  1.079473  0.916885  0.967871
Nomascus_l  0.891776  0.885407  0.990467  0.806691  0.813925  1.112827
  0.979376  0.999136  1.070506  1.082462  0.819332  0.729477  0.334881
  0.294944  0.288576  0.295609  0.302105  0.268668  0.259227  0.248165
  0.240961  0.143362  0.162107  0.212608  0.239119  0.180307  0.217317
  0.302119  0.282334  0.279112  0.235772  0.230016  0.263623  0.177650
  0.185573  0.226360  0.204587  0.245662  0.191329  0.177711  0.113695
  0.125128  0.068713  0.068694  0.000000  0.052535  0.044505  0.033070
  0.781063  0.769605  0.753718  0.812297  0.835130  0.636054  0.823438
  0.645713  0.649089  0.671523  0.673835  0.653512  0.634230  1.039461
  0.881293  0.776493  0.759486  0.800755  0.788371  1.011253  1.105437
  1.127244  0.951030  0.988046
Pongo_abel  0.864789  0.858501  0.969385  0.786635  0.793757  1.100403
  0.938929  0.987575  1.022748  1.036160  0.783268  0.699285  0.325901
  0.265715  0.258476  0.261384  0.271584  0.225234  0.215938  0.203827
  0.205849  0.132318  0.126287  0.172705  0.179708  0.151085  0.182021
  0.269260  0.252657  0.252341  0.194797  0.197152  0.244163  0.156497
  0.158838  0.198099  0.177759  0.211726  0.160520  0.143466  0.090705
  0.105023  0.046892  0.046880  0.052535  0.000000  0.023226  0.004609
  0.733363  0.728168  0.729738  0.774845  0.794482  0.593508  0.783270
  0.602619  0.606029  0.628360  0.620900  0.612324  0.596257  1.000938
  0.847212  0.739921  0.722551  0.768700  0.757412  0.997075  1.081072
  1.092554  0.926485  0.961969
Homo_sapie  0.863123  0.856833  0.960015  0.785528  0.792645  1.092322
  0.942825  0.975116  1.020930  1.034219  0.784625  0.687295  0.331165
  0.268705  0.260619  0.263464  0.273657  0.236172  0.220563  0.208627
  0.214837  0.137384  0.131688  0.181134  0.192090  0.159597  0.189912
  0.264346  0.255718  0.256448  0.202296  0.204629  0.248315  0.153037
  0.154473  0.199825  0.181550  0.213606  0.162794  0.148492  0.071387
  0.104790  0.044306  0.044294  0.044505  0.023226  0.000000  0.000010
  0.741254  0.734478  0.739494  0.767315  0.788192  0.591130  0.776991
  0.600275  0.603710  0.634272  0.626822  0.617807  0.601692  1.012205
  0.851683  0.743686  0.729498  0.768058  0.756807  0.999820  1.091318
  1.094641  0.926485  0.961969
Zea_mays    0.688021  0.677677  0.761361  0.770936  0.780545  0.798889
  0.711494  0.707713  0.760016  0.761327  0.749647  0.502700  0.354306
  0.155022  0.132833  0.163290  0.179597  0.167689  0.137443  0.137443
  0.130506  0.126661  0.123617  0.090987  0.094668  0.091324  0.120858
  0.186893  0.165725  0.175768  0.104908  0.104401  0.164522  0.091777
  0.076453  0.121611  0.112034  0.108819  0.086288  0.072255  0.111499
  0.051789  0.018564  0.023232  0.033070  0.004609  0.000010  0.000000
  0.622552  0.618691  0.573837  0.682800  0.688226  0.356190  0.679787
  0.356908  0.366428  0.636472  0.611253  0.626107  0.624425  0.994000
  0.752366  0.737563  0.750171  0.699049  0.672219  0.929602  0.888744
  1.137200  0.930596  0.933873
Xenopus_la  0.685758  0.687071  0.768645  0.648554  0.655130  0.816585
  0.744518  0.809047  0.781830  0.778028  0.649489  0.650833  0.572552
  0.776686  0.790360  0.756040  0.774304  0.739841  0.732607  0.715820
  0.732307  0.648006  0.519888  0.745343  0.616116  0.722634  0.724457
  0.750066  0.768880  0.747701  0.726386  0.729921  0.753766  0.727536
  0.673047  0.763071  0.709711  0.727268  0.722457  0.744199  0.731456
  0.738177  0.729842  0.728803  0.781063  0.733363  0.741254  0.622552
  0.000000  0.126206  0.638818  0.744584  0.754628  0.631618  0.754406
  0.617106  0.619263  0.497638  0.525244  0.581487  0.557891  1.005637
  0.716512  0.679524  0.682680  0.655292  0.642622  0.914166  0.970008
  1.033317  0.828298  0.834056
Xenopus_Si  0.686002  0.687320  0.780751  0.635998  0.642536  0.778606
  0.731625  0.807180  0.776375  0.765709  0.638603  0.645110  0.586983
  0.774229  0.787459  0.771095  0.789687  0.746322  0.737862  0.726205
  0.739925  0.649136  0.534016  0.731029  0.608810  0.713383  0.713525
  0.765206  0.770175  0.752169  0.733049  0.735289  0.745370  0.742369
  0.694900  0.763553  0.716455  0.725306  0.721091  0.758566  0.722711
  0.750866  0.719052  0.718274  0.769605  0.728168  0.734478  0.618691
  0.126206  0.000000  0.606001  0.753924  0.771506  0.628706  0.761790
  0.614281  0.619122  0.518535  0.524972  0.573579  0.561858  1.060604
  0.711207  0.691812  0.688526  0.635896  0.643597  0.912943  0.970479
  1.016933  0.806522  0.812024
Ambystoma_  0.781672  0.778174  0.776737  0.654512  0.648466  0.857680
  0.802241  0.887934  0.808347  0.786749  0.666035  0.771051  0.577932
  0.779425  0.794172  0.794188  0.811985  0.741892  0.737680  0.735984
  0.730445  0.623862  0.505632  0.684120  0.583492  0.707038  0.698197
  0.786802  0.779690  0.788017  0.724873  0.725942  0.774493  0.739112
  0.712449  0.704620  0.710267  0.721979  0.728531  0.722026  0.743840
  0.741753  0.724411  0.724481  0.753718  0.729738  0.739494  0.573837
  0.638818  0.606001  0.000000  0.692247  0.707263  0.591498  0.721718
  0.604578  0.595356  0.473432  0.481005  0.509902  0.498258  0.985400
  0.760124  0.656587  0.636651  0.738179  0.718094  0.919307  1.031993
  0.989034  0.827898  0.868253
Coregonus_  0.754260  0.750766  0.640671  0.634800  0.641060  0.832604
  0.708847  0.794815  0.722094  0.703996  0.607109  0.818853  0.703278
  0.849017  0.852635  0.882646  0.896475  0.760906  0.746594  0.745304
  0.795576  0.722379  0.517301  0.763263  0.571874  0.772458  0.756849
  0.830462  0.827805  0.822739  0.788153  0.802035  0.843736  0.778526
  0.684707  0.814590  0.794171  0.798987  0.807265  0.807094  0.766777
  0.809515  0.776115  0.781128  0.812297  0.774845  0.767315  0.682800
  0.744584  0.753924  0.692247  0.000000  0.044690  0.038877  0.066439
  0.023217  0.034945  0.362698  0.379580  0.424421  0.363674  1.009709
  0.741393  0.681710  0.665773  0.653887  0.631064  0.861276  0.928128
  0.996746  0.740311  0.761633
Salmo_sala  0.784107  0.780603  0.658177  0.638628  0.644886  0.856548
  0.712352  0.835192  0.736259  0.718467  0.608115  0.840941  0.692880
  0.855666  0.859306  0.884548  0.898173  0.769548  0.755245  0.754058
  0.807029  0.735103  0.515992  0.781477  0.588719  0.786494  0.780608
  0.832303  0.821066  0.826768  0.798376  0.815132  0.834806  0.788115
  0.690479  0.828787  0.793880  0.811355  0.818696  0.811463  0.771444
  0.823005  0.799125  0.803250  0.835130  0.794482  0.788192  0.688226
  0.754628  0.771506  0.707263  0.044690  0.000000  0.034366  0.041646
  0.026732  0.030510  0.365311  0.371941  0.407438  0.363047  0.995087
  0.758495  0.679910  0.664002  0.654416  0.630520  0.859613  0.942223
  0.994212  0.729859  0.751035
Oncorhynch  0.696375  0.692104  0.523183  0.456671  0.456671  0.701937
  0.694975  0.719825  0.613631  0.599984  0.470827  0.704595  0.412085
  0.659256  0.659423  0.648776  0.664619  0.582748  0.573247  0.573247
  0.590538  0.353515  0.351639  0.557015  0.508392  0.576217  0.578799
  0.633438  0.615710  0.619676  0.580145  0.621576  0.610021  0.573956
  0.594405  0.642301  0.587817  0.599885  0.629990  0.580923  0.579776
  0.636594  0.585838  0.584979  0.636054  0.593508  0.591130  0.356190
  0.631618  0.628706  0.591498  0.038877  0.034366  0.000000  0.022768
  0.015114  0.018868  0.274660  0.317089  0.346626  0.277710  0.939994
  0.572465  0.481928  0.459630  0.528028  0.508633  0.744275  0.804873
  0.768366  0.750041  0.771617
Oncorhynch  0.776287  0.772807  0.669625  0.655530  0.661833  0.880500
  0.724623  0.842819  0.745087  0.728110  0.620784  0.832041  0.712249
  0.839576  0.848271  0.860190  0.873523  0.772272  0.757943  0.756785
  0.804288  0.724917  0.512453  0.775729  0.583850  0.777611  0.772821
  0.831892  0.818998  0.821026  0.789578  0.806155  0.830667  0.788552
  0.691921  0.834354  0.791664  0.804234  0.815796  0.806237  0.762755
  0.817626  0.787852  0.791958  0.823438  0.783270  0.776991  0.679787
  0.754406  0.761790  0.721718  0.066439  0.041646  0.022768  0.000000
  0.015180  0.018950  0.382731  0.389499  0.430945  0.386507  0.982242
  0.756323  0.678326  0.662692  0.664431  0.643779  0.876478  0.955769
  1.015305  0.753303  0.774944
Oncorhynch  0.689336  0.685073  0.526079  0.458229  0.458229  0.707159
  0.697686  0.720010  0.616467  0.603584  0.472538  0.701458  0.401285
  0.662035  0.668009  0.657494  0.673508  0.590859  0.581265  0.581265
  0.598859  0.354264  0.352208  0.566061  0.515843  0.584219  0.586766
  0.641984  0.621488  0.625478  0.589381  0.631223  0.619362  0.582883
  0.603827  0.643497  0.596855  0.609292  0.635887  0.588914  0.588773
  0.641197  0.594939  0.594062  0.645713  0.602619  0.600275  0.356908
  0.617106  0.614281  0.604578  0.023217  0.026732  0.015114  0.015180
  0.000000  0.011322  0.269613  0.303103  0.337074  0.270129  0.945724
  0.567213  0.476608  0.454173  0.522368  0.503499  0.740445  0.798923
  0.764674  0.741816  0.763227
Oncorhynch  0.705146  0.700880  0.538645  0.472958  0.472958  0.721081
  0.711512  0.736398  0.616792  0.617470  0.472718  0.708775  0.399388
  0.665404  0.672752  0.662379  0.678380  0.588269  0.578723  0.578723
  0.598362  0.366514  0.359853  0.569649  0.521799  0.585892  0.591360
  0.639150  0.624905  0.628879  0.592911  0.634674  0.622766  0.586330
  0.607347  0.646857  0.595858  0.609734  0.639265  0.593513  0.592214
  0.645903  0.598386  0.597507  0.649089  0.606029  0.603710  0.366428
  0.619263  0.619122  0.595356  0.034945  0.030510  0.018868  0.018950
  0.011322  0.000000  0.269643  0.303151  0.327363  0.269142  0.935456
  0.567496  0.476790  0.454337  0.522594  0.503703  0.728249  0.802491
  0.752698  0.733750  0.748315
Pelteobagr  0.614535  0.607291  0.619676  0.667464  0.674174  0.616365
  0.552313  0.600112  0.624166  0.605090  0.590498  0.545411  0.694530
  0.683344  0.688445  0.690642  0.705351  0.645339  0.645313  0.644799
  0.641162  0.667042  0.481875  0.630317  0.427364  0.622643  0.600420
  0.682489  0.687884  0.698283  0.638232  0.644277  0.655318  0.619119
  0.468472  0.652381  0.661350  0.651927  0.636435  0.649003  0.617953
  0.629525  0.625650  0.624524  0.671523  0.628360  0.634272  0.636472
  0.497638  0.518535  0.473432  0.362698  0.365311  0.274660  0.382731
  0.269613  0.269643  0.000000  0.108669  0.338740  0.365809  0.964577
  0.588127  0.583411  0.574480  0.575824  0.516653  0.836074  0.769780
  1.011825  0.767254  0.783827
Ictalurus_  0.635986  0.628611  0.657672  0.686534  0.693401  0.669299
  0.571900  0.624949  0.658947  0.652569  0.633370  0.547365  0.671927
  0.682401  0.682710  0.696617  0.717243  0.648646  0.646997  0.646482
  0.651906  0.661274  0.443848  0.617869  0.415565  0.625032  0.601059
  0.692041  0.670177  0.688536  0.622804  0.622899  0.673320  0.612524
  0.452727  0.629728  0.663010  0.639889  0.636889  0.639884  0.622990
  0.638152  0.612717  0.611595  0.673835  0.620900  0.626822  0.611253
  0.525244  0.524972  0.481005  0.379580  0.371941  0.317089  0.389499
  0.303103  0.303151  0.108669  0.000000  0.338606  0.359552  0.984266
  0.618194  0.609340  0.611392  0.606608  0.576203  0.873479  0.802065
  1.038603  0.822308  0.842061
Barbus_bar  0.602157  0.595552  0.633666  0.659071  0.665357  0.667168
  0.543805  0.624650  0.614574  0.635577  0.589936  0.567375  0.649280
  0.657270  0.645665  0.667456  0.686476  0.611080  0.608680  0.606993
  0.623082  0.660860  0.505763  0.625761  0.482141  0.619140  0.617852
  0.672209  0.664435  0.662761  0.617212  0.623868  0.677774  0.615120
  0.501286  0.630659  0.635764  0.622345  0.619171  0.627076  0.577631
  0.629949  0.606645  0.604097  0.653512  0.612324  0.617807  0.626107
  0.581487  0.573579  0.509902  0.424421  0.407438  0.346626  0.430945
  0.337074  0.327363  0.338740  0.338606  0.000000  0.227231  0.920153
  0.644300  0.618897  0.596835  0.620069  0.598650  0.842410  0.813722
  0.987529  0.790552  0.779618
Danio_reri  0.575758  0.569241  0.632312  0.615808  0.622003  0.626371
  0.526999  0.589120  0.601545  0.611104  0.589773  0.569568  0.632407
  0.631385  0.643367  0.646693  0.665376  0.591741  0.594024  0.592381
  0.601462  0.651336  0.505133  0.617740  0.493541  0.616841  0.597936
  0.639731  0.641952  0.629883  0.603556  0.608782  0.650461  0.589828
  0.477074  0.595881  0.614852  0.614432  0.583931  0.618157  0.573362
  0.600989  0.589982  0.588759  0.634230  0.596257  0.601692  0.624425
  0.557891  0.561858  0.498258  0.363674  0.363047  0.277710  0.386507
  0.270129  0.269142  0.365809  0.359552  0.227231  0.000000  0.965095
  0.697914  0.677529  0.666936  0.605266  0.625171  0.897059  0.824798
  1.023486  0.798010  0.792417
Strongyloc  1.049818  1.051265  1.069061  1.103503  1.103503  1.064996
  1.114851  1.115859  1.097430  1.035320  1.102119  0.993695  1.040364
  1.027731  0.992148  1.025920  1.050771  1.019758  1.007304  1.007304
  0.999663  1.040425  0.995552  0.987005  0.986122  1.003801  0.984703
  0.993823  0.963416  0.966750  0.989696  0.973532  1.016651  0.995565
  0.985949  1.001103  1.004702  0.995410  1.030618  1.014328  1.030873
  1.018690  1.013133  1.013133  1.039461  1.000938  1.012205  0.994000
  1.005637  1.060604  0.985400  1.009709  0.995087  0.939994  0.982242
  0.945724  0.935456  0.964577  0.984266  0.920153  0.965095  0.000000
  0.917935  0.903382  0.901931  0.936411  0.895390  0.838983  0.870973
  0.846297  0.883888  0.944282
Anolis_car  0.862957  0.863809  0.792698  0.773860  0.767631  0.753233
  0.802615  0.793655  0.792640  0.841215  0.792415  0.805392  0.668973
  0.839542  0.850606  0.855539  0.878634  0.866075  0.865717  0.865717
  0.818834  0.768053  0.698878  0.785106  0.707027  0.810490  0.805223
  0.846672  0.871783  0.872963  0.803113  0.792099  0.783909  0.842046
  0.837637  0.806619  0.849421  0.789725  0.827560  0.853266  0.812110
  0.871413  0.870790  0.865339  0.881293  0.847212  0.851683  0.752366
  0.716512  0.711207  0.760124  0.741393  0.758495  0.572465  0.756323
  0.567213  0.567496  0.588127  0.618194  0.644300  0.697914  0.917935
  0.000000  0.037440  0.046614  0.310473  0.279443  0.662294  0.714326
  0.857010  0.603068  0.598300
Meleagris_  0.780950  0.781749  0.689494  0.758020  0.751829  0.654407
  0.729810  0.683087  0.684429  0.749527  0.735367  0.701638  0.655190
  0.756936  0.752751  0.761742  0.784675  0.757940  0.754655  0.754655
  0.722652  0.755831  0.678538  0.704206  0.628237  0.699148  0.706165
  0.749341  0.772831  0.778368  0.706432  0.683929  0.667105  0.727645
  0.715560  0.708561  0.736188  0.690523  0.721136  0.740760  0.703710
  0.763170  0.756622  0.755261  0.776493  0.739921  0.743686  0.737563
  0.679524  0.691812  0.656587  0.681710  0.679910  0.481928  0.678326
  0.476608  0.476790  0.583411  0.609340  0.618897  0.677529  0.903382
  0.037440  0.000000  0.030574  0.294771  0.258383  0.659202  0.627395
  0.860440  0.599851  0.595113
Taeniopygi  0.773948  0.774761  0.663892  0.719050  0.712845  0.629032
  0.719877  0.663846  0.658814  0.710903  0.704993  0.709273  0.666798
  0.731511  0.733870  0.742171  0.765329  0.751773  0.751488  0.751488
  0.715614  0.765982  0.701725  0.702988  0.604368  0.697192  0.694247
  0.735975  0.754064  0.766097  0.703971  0.681484  0.657945  0.710572
  0.695053  0.701731  0.726667  0.688951  0.701760  0.718099  0.686985
  0.737227  0.739422  0.738041  0.759486  0.722551  0.729498  0.750171
  0.682680  0.688526  0.636651  0.665773  0.664002  0.459630  0.662692
  0.454173  0.454337  0.574480  0.611392  0.596835  0.666936  0.901931
  0.046614  0.030574  0.000000  0.274265  0.242113  0.643605  0.615131
  0.852170  0.603729  0.598965
Tetraodon_  0.788770  0.789552  0.743859  0.789688  0.796675  0.692660
  0.719789  0.739932  0.734493  0.756116  0.732010  0.744923  0.630274
  0.777093  0.777335  0.790619  0.813282  0.795354  0.785257  0.785257
  0.765502  0.691434  0.699237  0.757505  0.714400  0.753349  0.754575
  0.779657  0.767824  0.779963  0.771369  0.753776  0.730201  0.757077
  0.744087  0.731405  0.767307  0.742788  0.762008  0.771432  0.710492
  0.780689  0.768258  0.768258  0.800755  0.768700  0.768058  0.699049
  0.655292  0.635896  0.738179  0.653887  0.654416  0.528028  0.664431
  0.522368  0.522594  0.575824  0.606608  0.620069  0.605266  0.936411
  0.310473  0.294771  0.274265  0.000000  0.118265  0.645489  0.678566
  0.809638  0.615702  0.552389
Ornithorhy  0.798480  0.799272  0.723470  0.750543  0.757297  0.687926
  0.697187  0.697139  0.704453  0.751669  0.724385  0.694038  0.641081
  0.778714  0.760651  0.788155  0.810368  0.760349  0.750235  0.750235
  0.723617  0.649690  0.687335  0.726930  0.686493  0.726296  0.717423
  0.768466  0.775671  0.782683  0.727393  0.723100  0.709591  0.742084
  0.739301  0.711853  0.733142  0.709913  0.762133  0.762896  0.719441
  0.768907  0.755408  0.755408  0.788371  0.757412  0.756807  0.672219
  0.642622  0.643597  0.718094  0.631064  0.630520  0.508633  0.643779
  0.503499  0.503703  0.516653  0.576203  0.598650  0.625171  0.895390
  0.279443  0.258383  0.242113  0.118265  0.000000  0.597125  0.653239
  0.826891  0.594345  0.539480
Saccogloss  0.983429  0.984518  0.933079  1.017643  1.025942  0.903939
  0.899578  0.883708  0.851303  0.935558  0.918199  0.946066  0.881186
  1.018986  1.006276  1.046445  1.075235  0.994820  1.005342  1.005342
  0.980051  0.911413  0.962694  0.968761  0.938074  0.989787  0.998034
  0.989856  0.974420  0.977030  0.996378  0.943797  0.947989  0.981122
  0.972097  0.953830  0.971741  0.995826  0.982707  0.981161  0.962154
  1.012415  0.985032  0.985032  1.011253  0.997075  0.999820  0.929602
  0.914166  0.912943  0.919307  0.861276  0.859613  0.744275  0.876478
  0.740445  0.728249  0.836074  0.873479  0.842410  0.897059  0.838983
  0.662294  0.659202  0.643605  0.645489  0.597125  0.000000  0.566214
  0.688819  0.455166  0.491122
Branchiost  1.050863  1.054683  0.970923  0.967399  0.975227  0.896049
  1.013392  1.057354  0.976144  1.002073  0.939756  1.025943  0.775378
  1.102332  1.104626  1.126967  1.154048  1.047380  1.065897  1.065897
  1.044574  0.861631  0.922836  1.036573  0.993459  1.040995  1.032965
  1.161570  1.130984  1.126533  1.070297  1.013671  1.043597  1.086183
  1.082988  1.059524  1.082958  1.025530  1.091990  1.089018  1.030016
  1.090931  1.098396  1.094029  1.105437  1.081072  1.091318  0.888744
  0.970008  0.970479  1.031993  0.928128  0.942223  0.804873  0.955769
  0.798923  0.802491  0.769780  0.802065  0.813722  0.824798  0.870973
  0.714326  0.627395  0.615131  0.678566  0.653239  0.566214  0.000000
  0.744891  0.488883  0.522552
Euprymna_s  1.098340  1.099590  1.089933  1.117008  1.125742  0.990712
  1.086697  1.041140  1.052339  1.097928  1.072516  1.169010  1.022834
  1.070991  1.078538  1.084004  1.115798  1.056058  1.049767  1.049767
  1.058753  1.137872  1.096175  1.062797  1.035962  1.062194  1.026274
  1.083150  1.018966  1.041656  1.094897  1.049762  1.060777  1.051049
  1.029943  1.038671  1.059027  1.075473  1.034832  1.092677  1.048350
  1.086434  1.079473  1.079473  1.127244  1.092554  1.094641  1.137200
  1.033317  1.016933  0.989034  0.996746  0.994212  0.768366  1.015305
  0.764674  0.752698  1.011825  1.038603  0.987529  1.023486  0.846297
  0.857010  0.860440  0.852170  0.809638  0.826891  0.688819  0.744891
  0.000000  0.187283  0.206151
Crassostre  0.796094  0.797439  0.769958  0.756831  0.756831  0.745352
  0.820528  0.821720  0.769256  0.853273  0.803319  0.865995  0.832831
  0.881183  0.905619  0.886075  0.924763  0.871677  0.859530  0.859530
  0.857703  0.872862  0.914673  0.872729  0.879317  0.873976  0.864856
  0.893156  0.852624  0.857908  0.850627  0.860552  0.898065  0.862029
  0.863414  0.838547  0.905247  0.865500  0.878096  0.889919  0.881330
  0.934659  0.916885  0.916885  0.951030  0.926485  0.926485  0.930596
  0.828298  0.806522  0.827898  0.740311  0.729859  0.750041  0.753303
  0.741816  0.733750  0.767254  0.822308  0.790552  0.798010  0.883888
  0.603068  0.599851  0.603729  0.615702  0.594345  0.455166  0.488883
  0.187283  0.000000  0.103040
Mytilus_ga  0.771203  0.772541  0.791082  0.761314  0.761314  0.744338
  0.830820  0.792352  0.800389  0.843227  0.782100  0.900685  0.851939
  0.930421  0.937969  0.930943  0.971408  0.891955  0.879698  0.879698
  0.879324  0.869608  0.962888  0.903754  0.914877  0.896744  0.887575
  0.895595  0.880182  0.891283  0.883892  0.888688  0.926438  0.896010
  0.897446  0.872278  0.934066  0.899179  0.912326  0.924528  0.931199
  0.964968  0.967871  0.967871  0.988046  0.961969  0.961969  0.933873
  0.834056  0.812024  0.868253  0.761633  0.751035  0.771617  0.774944
  0.763227  0.748315  0.783827  0.842061  0.779618  0.792417  0.944282
  0.598300  0.595113  0.598965  0.552389  0.539480  0.491122  0.522552
  0.206151  0.103040  0.000000
