>root
1 2 3 4 5 6 7 8 9 10 11 12 13 14 15 16 $
17 18 19 20 21 22 23 24 25 26 $
27 28 29 30 31 32 33 34 35 36 37 38 39 40 41 42 43 44 45 46 $
47 48 49 50 51 52 53 54 55 56 57 58 59 60 61 62 63 64 65 66 67 68 69 70 71 72 73 74 75 76 77 78 79 80 81 82 83 84 85 86 87 88 89 90 91 92 93 94 95 96 97 98 99 100 $
>s003
47 48 49 50 51 52 53 54 55 56 57 58 59 60 -68 -67 -66 -65 -64 -63 -62 -61 69 70 71 72 73 74 9 10 11 12 13 14 15 16 $
17 18 19 20 21 22 23 24 25 26 $
-100 -99 -98 -97 -96 30 31 32 33 34 35 36 37 38 39 40 41 42 43 44 45 46 $
1 2 3 4 5 6 7 8 75 76 77 78 79 80 81 82 83 84 85 86 87 88 -94 -93 -92 -91 -90 -89 95 -29 -28 -27 $
>s002
1 2 3 4 5 6 7 8 9 10 11 12 13 14 15 16 $
17 18 19 20 21 22 23 24 25 26 $
27 69 70 71 72 73 74 37 38 39 40 41 42 43 44 45 46 $
47 48 49 50 51 52 53 54 55 56 57 58 59 60 61 62 63 64 65 66 67 68 28 29 30 31 32 33 34 35 36 -80 -79 -78 -77 -76 -75 81 82 83 84 85 86 87 88 89 90 91 -97 -96 -95 -94 -93 -92 98 99 100 $
>s004
47 48 49 50 51 52 53 54 55 56 57 58 59 60 61 -65 -64 -63 -62 66 67 68 69 70 71 72 73 74 9 10 11 12 13 14 15 16 $
17 18 19 20 21 22 23 24 25 26 $
-100 -99 -98 -97 -37 -36 -35 -34 -33 -32 -31 -30 96 38 39 40 41 42 43 44 45 46 $
1 2 3 4 5 6 7 8 75 76 77 78 79 80 81 82 83 84 85 86 87 88 89 90 91 92 93 94 95 -29 -28 -27 $
>s005
47 48 49 50 51 52 53 54 55 56 57 58 59 60 61 62 63 64 65 66 67 68 69 70 71 72 73 74 9 10 11 12 13 14 15 16 $
17 -21 -20 -19 -18 22 23 24 25 26 $
-100 -99 -98 -97 -37 -36 -35 -34 -33 -32 -31 -30 96 38 39 40 41 42 43 44 45 46 $
1 2 3 4 5 6 7 8 75 76 77 78 79 80 81 82 83 84 85 86 87 88 89 90 91 92 93 94 95 -29 -28 -27 $
>s001
1 2 3 4 5 6 7 8 9 10 11 12 13 14 15 16 $
17 18 19 20 21 22 23 24 25 26 $
-100 -99 -98 -97 -96 -95 90 91 92 93 94 -89 -88 -87 -86 -72 -71 -70 -69 -68 -67 -66 37 38 39 40 41 42 43 44 45 46 $
27 28 29 30 31 32 33 34 35 36 75 76 77 78 79 80 81 82 83 84 85 73 74 -65 -64 -63 -62 -61 -60 -59 -58 -57 -56 -55 -54 -53 -52 -51 -50 -49 -48 -47 $
