>root
1 2 3 4 5 6 7 8 9 10 11 12 13 14 15 16 17 18 19 20 21 22 23 $
24 25 26 27 28 29 30 31 32 33 34 35 36 37 38 39 40 41 42 43 44 45 46 47 48 49 50 51 $
52 53 54 55 56 57 58 59 60 61 62 63 64 65 66 67 68 69 70 71 72 73 74 $
75 76 77 78 79 80 81 82 83 84 85 86 87 88 89 90 91 92 93 94 95 96 97 98 99 100 $
>s002
1 2 3 4 5 6 7 8 98 99 100 $
24 25 26 27 28 29 30 31 32 33 34 35 36 37 -46 -45 -44 -43 -42 -41 -40 -39 -38 47 48 49 50 51 $
75 76 77 78 79 80 81 82 83 84 85 86 87 67 68 69 70 71 72 73 74 $
-55 -54 -53 -52 56 57 58 59 60 61 62 63 64 65 66 88 89 90 -97 -96 -95 -94 -93 -92 -91 9 10 11 12 13 14 15 16 17 18 19 20 21 22 23 $
>s001
1 2 3 4 5 6 7 8 9 10 11 12 13 14 15 16 17 18 19 20 21 22 23 $
52 53 54 55 56 57 58 59 60 61 62 63 64 65 66 88 89 90 91 92 77 28 29 30 31 32 33 34 35 -37 -36 38 39 40 41 42 43 44 45 46 47 48 49 50 51 $
24 25 26 27 78 79 80 81 82 83 84 85 86 87 67 68 69 70 71 72 73 97 98 99 100 $
75 76 93 94 95 96 74 $
>s003
1 2 3 4 5 6 7 8 9 10 11 12 13 14 15 16 17 18 19 20 21 22 23 $
52 53 -57 -56 -55 -54 58 59 60 61 62 63 29 30 31 32 33 34 35 36 37 38 39 40 41 42 43 44 45 46 47 48 49 50 51 $
24 25 26 27 28 64 65 66 67 68 -70 -69 71 72 73 74 $
75 76 77 78 79 80 81 -89 -88 -87 -86 -85 -84 -83 -82 90 91 92 93 94 95 96 97 98 99 100 $
>s004
1 2 3 4 5 6 7 8 9 10 11 12 13 14 15 16 17 18 19 20 21 22 23 $
52 53 -57 -56 -55 -63 -62 -61 -60 -59 -58 54 64 65 66 67 68 69 26 27 28 29 30 31 32 33 34 35 36 37 38 39 40 41 42 43 44 45 46 47 48 49 50 51 $
24 25 70 71 72 73 74 $
75 76 77 78 79 80 81 82 83 84 85 86 87 88 89 90 91 92 93 94 95 96 97 98 99 100 $
>s005
1 2 3 4 5 6 7 8 9 10 11 12 13 14 15 16 17 18 19 20 21 22 23 $
52 53 -57 -56 -55 -54 58 59 60 61 62 63 64 65 66 67 68 69 26 27 28 29 30 31 32 33 34 35 36 37 38 39 40 41 42 43 44 45 46 47 48 49 50 51 $
24 25 70 71 72 73 74 $
75 76 77 78 -87 -86 -85 -84 -83 -82 -81 -80 -79 88 89 90 91 92 93 94 95 96 97 98 99 100 $
