>root
1 2 3 4 5 6 7 8 9 10 11 12 13 14 15 16 17 18 19 $
20 21 22 23 24 25 26 27 28 29 30 31 32 33 34 35 36 37 38 39 40 41 42 43 44 $
45 46 47 48 49 50 51 52 53 54 55 56 $
57 58 59 60 61 62 63 64 65 66 67 68 69 70 71 72 73 74 75 76 77 78 79 80 81 82 83 84 85 86 87 88 89 90 91 92 93 94 95 96 97 98 99 100 $
>s003
1 2 3 4 5 6 7 59 60 61 62 63 64 65 66 -8 -58 -57 $
20 21 22 23 24 25 26 27 28 29 30 31 32 33 34 35 36 37 38 39 40 41 42 54 55 56 $
45 46 47 48 49 50 51 52 53 43 44 $
-19 -18 -17 -16 -15 -14 -13 -12 -11 -10 -9 67 68 69 -72 -71 -70 73 74 75 76 77 78 79 80 81 82 83 84 85 86 87 88 89 90 91 92 93 94 95 96 97 98 99 100 $
>s001
1 2 3 4 5 6 7 8 9 10 11 12 13 14 15 16 17 18 -86 -85 -84 -83 -82 -81 -80 -79 -78 -77 -76 70 71 72 73 74 75 -69 -68 -67 -66 -65 -64 -63 60 61 62 -59 -58 -57 $
20 21 22 23 24 25 26 27 28 29 30 31 32 33 34 35 93 94 95 96 97 98 99 100 $
45 46 47 48 49 50 51 52 53 54 55 56 $
-19 87 88 89 90 91 92 36 37 38 39 -43 -42 -41 -40 44 $
>s002
1 2 3 4 5 -22 -21 -20 $
57 58 59 -62 -61 -60 63 64 65 -13 -12 -11 -10 -9 -8 -7 -6 23 24 25 26 27 28 29 30 31 32 33 34 35 36 37 38 39 40 41 42 43 44 $
45 46 47 48 49 50 51 52 53 54 55 56 $
-19 -18 -17 -16 -15 -14 66 67 68 69 70 71 72 73 74 75 76 77 78 -86 -85 -84 -83 -82 -81 -80 -79 87 88 89 -96 -95 -94 -93 -92 -91 -90 97 98 99 100 $
>s004
1 2 3 4 5 6 7 8 -66 -65 -64 -63 -62 -61 -60 -59 -58 -57 $
20 21 22 23 24 25 -31 -30 -29 -28 -27 -26 32 95 96 97 98 99 100 $
45 46 47 48 49 50 51 52 53 54 55 56 $
-19 -18 -17 -16 -15 -14 -13 -12 -11 -10 -9 67 68 69 70 71 72 73 74 75 76 77 78 79 -82 -81 -80 83 84 85 86 87 88 89 90 91 92 93 94 33 34 35 36 37 38 39 40 41 42 43 44 $
>s005
-44 -43 -42 -41 -40 -39 2 3 4 5 6 7 8 -66 -65 -64 -63 -62 -61 -60 -59 -58 -57 $
20 21 22 23 24 25 26 27 28 29 30 31 32 33 34 35 36 37 38 -1 $
45 46 47 48 49 50 51 52 53 54 55 56 $
-19 -18 -17 -16 -15 -14 -13 -12 -11 -10 -74 -73 -72 -71 -70 -69 -68 -67 9 75 76 77 78 79 -82 -81 -80 83 84 85 86 87 88 89 90 91 92 93 94 95 96 97 98 99 100 $
