>root
1 2 3 4 5 6 7 8 9 10 11 12 13 14 15 16 17 18 19 $
20 21 22 23 24 25 26 27 28 29 30 31 32 33 34 35 36 37 38 39 40 41 42 43 $
44 45 46 47 48 49 50 51 52 53 54 55 56 57 58 59 60 61 62 63 64 65 66 67 68 $
69 70 71 72 73 74 75 76 77 78 79 80 81 82 83 84 85 86 87 88 89 90 91 92 93 94 95 96 97 98 99 100 $
>s003
1 2 3 4 5 6 7 8 9 10 11 12 13 14 18 17 16 15 19 $
20 21 22 23 24 25 26 27 28 29 30 31 32 33 34 35 36 37 38 39 40 41 42 43 $
44 45 46 47 48 49 50 51 52 50 51 52 53 54 55 56 57 58 59 60 61 62 63 64 65 66 67 68 $
69 70 71 72 73 74 75 76 77 78 79 80 81 82 83 84 85 86 87 88 89 90 91 92 93 94 95 96 98 100 99 $
>s001
1 2 3 4 5 6 7 8 9 10 11 12 13 14 15 16 17 18 19 $
20 21 22 23 24 25 26 27 28 29 30 31 32 33 34 35 36 39 38 37 40 41 42 43 $
44 45 46 47 48 49 50 51 52 53 54 55 56 57 58 59 60 61 62 65 64 63 66 67 68 $
69 70 71 72 73 74 75 76 77 78 79 85 84 83 82 81 80 86 87 88 89 90 91 92 93 94 95 96 98 99 100 $
>s002
1 2 3 4 5 6 7 8 9 10 11 12 13 14 15 16 17 18 19 $
20 21 22 23 24 25 23 24 25 26 27 28 29 30 31 32 33 34 35 36 39 38 37 40 41 42 43 $
44 45 46 47 48 49 50 51 52 53 54 55 56 57 58 59 60 61 62 63 64 65 66 67 68 $
69 70 71 72 78 77 76 75 74 73 79 85 84 83 82 81 80 86 87 88 89 90 91 92 93 94 95 96 97 98 99 100 $
>s004
1 2 3 4 5 6 7 8 9 10 11 12 13 14 18 17 16 15 19 $
20 21 22 23 24 25 26 27 28 29 30 31 32 33 34 37 36 35 38 39 40 41 42 43 $
44 45 46 47 48 49 50 51 52 53 54 55 56 57 58 59 94 95 96 97 98 100 99 $
69 70 71 72 73 74 75 70 71 72 73 74 75 76 77 78 79 80 81 82 83 84 85 86 87 88 89 90 91 92 93 60 61 62 63 64 65 66 67 68 $
>s005
1 2 3 4 5 6 7 8 9 10 11 12 13 14 18 17 16 15 19 $
20 21 22 23 24 25 26 27 28 29 30 31 32 33 34 35 36 37 38 39 40 41 42 43 $
44 45 46 47 48 49 50 51 52 53 54 55 56 57 94 95 96 97 98 100 99 $
69 70 71 73 74 75 76 77 78 79 80 81 82 83 84 85 86 87 88 89 90 91 92 93 60 61 62 63 64 65 66 67 68 $
