>root
1 2 3 4 5 6 7 8 9 10 11 12 13 14 15 16 17 18 19 20 21 22 23 24 25 26 27 28 29 30 31 32 33 $
34 35 36 37 38 39 40 41 42 43 44 45 46 47 48 49 50 51 52 53 54 55 56 57 58 59 60 61 62 63 64 65 66 67 $
68 69 70 71 72 73 74 75 76 77 78 79 80 81 82 83 84 85 86 87 $
88 89 90 91 92 93 94 95 96 97 98 99 100 $
>s003
1 2 3 4 8 7 6 5 9 10 87 $
34 35 36 37 38 39 40 41 42 43 44 45 46 47 48 49 50 51 52 53 54 55 56 57 58 59 60 61 62 63 64 65 66 67 $
68 69 70 71 72 73 74 75 76 77 78 79 80 81 82 83 84 85 86 11 12 13 14 15 16 17 18 19 20 21 25 24 23 22 26 27 28 29 30 31 32 33 $
88 89 90 91 92 93 94 97 98 99 100 $
>s001
-100 -99 4 5 8 -99 4 5 8 9 10 11 12 13 14 15 16 17 18 22 21 20 19 23 24 25 26 27 28 29 30 31 32 33 $
34 35 36 37 38 39 40 41 42 43 44 45 46 47 48 49 50 51 52 53 54 55 56 57 58 59 60 61 62 63 64 65 66 67 $
68 69 70 71 72 73 74 75 76 77 78 79 80 81 82 83 84 85 86 87 $
88 89 90 91 92 93 94 95 96 97 98 -3 -2 -1 $
>s002
-100 -99 4 5 6 7 8 9 10 11 12 13 14 18 17 16 15 22 21 20 -91 -90 -89 -88 $
34 35 36 37 38 39 40 41 42 43 44 45 46 47 48 49 50 51 52 53 54 55 56 57 58 59 60 61 62 63 64 65 66 67 $
68 69 70 71 72 73 74 75 76 77 78 79 80 81 82 83 84 85 86 87 $
-33 -32 -31 -30 -29 -28 -27 -26 -25 -24 -23 -19 92 93 94 95 96 97 98 -3 -2 -1 $
>s004
-87 -86 -85 -84 -83 -82 -81 -80 -79 -78 -77 -76 2 3 4 8 7 9 5 6 12 11 10 13 14 15 16 17 18 19 20 21 22 23 24 25 26 27 28 29 30 31 32 33 $
34 35 37 38 39 40 41 42 43 44 45 46 47 48 49 50 51 52 53 54 55 56 57 58 59 60 61 62 63 64 65 66 67 $
68 69 70 71 72 73 74 75 -1 $
88 89 90 91 92 93 94 95 96 97 98 99 100 $
>s005
1 2 3 4 8 7 9 5 6 10 11 12 13 14 15 16 -49 -48 -47 -46 -45 -44 -43 -42 -41 -40 -39 -38 -37 -36 -35 -34 $
68 -18 -17 50 51 52 53 54 55 56 57 58 59 60 61 62 63 64 65 66 67 $
-33 -32 -31 -30 -29 -28 -27 -26 -25 -24 -23 -22 -21 -20 -19 69 70 71 72 73 74 75 76 77 78 79 80 81 82 83 84 85 86 87 $
88 89 90 91 94 93 92 95 96 97 98 99 100 $
