>root
1 2 3 4 5 6 7 8 9 10 11 12 13 14 15 16 17 18 19 20 21 22 23 $
24 25 26 27 28 29 30 31 32 33 34 35 36 37 38 39 40 41 42 43 44 45 46 47 48 49 50 51 52 53 54 55 56 57 58 59 $
60 61 62 63 64 65 66 67 68 69 70 71 72 73 74 75 76 77 78 79 80 81 82 $
83 84 85 86 87 88 89 90 91 92 93 94 95 96 97 98 99 100 $
>s003
1 2 3 4 5 6 7 8 9 10 9 10 11 12 13 14 15 16 17 18 19 20 21 22 23 $
24 25 26 27 28 29 30 31 32 33 34 35 36 37 38 39 40 41 42 43 44 45 46 47 53 52 51 50 49 48 54 55 56 57 58 59 $
60 61 62 63 60 61 62 63 64 65 66 67 68 69 70 71 72 73 74 75 76 77 78 79 80 81 82 $
83 84 85 86 87 88 89 90 98 96 95 94 93 92 91 97 99 100 $
>s002
1 2 3 4 5 6 9 8 7 10 11 12 13 14 15 16 17 18 19 20 21 22 23 $
24 25 26 27 28 29 30 31 32 33 34 35 36 37 38 39 40 41 42 43 44 -89 -90 -91 -83 $
60 61 62 63 64 65 66 67 68 69 70 71 72 73 74 75 76 77 78 79 80 81 82 $
-59 -58 -57 -56 -55 -54 -53 -52 -51 -50 -49 -48 -47 -46 92 84 85 86 87 88 -45 93 94 95 96 97 98 99 100 $
>s001
1 2 3 4 5 6 9 8 7 10 11 12 13 14 15 16 17 18 19 20 21 22 23 $
83 91 90 89 88 87 86 35 36 37 38 39 40 41 42 43 44 45 46 47 48 49 50 51 52 53 54 55 56 57 58 59 $
60 61 62 63 64 65 66 67 68 69 70 71 72 73 74 75 76 77 78 79 80 81 82 $
24 25 26 27 34 33 32 31 30 29 28 85 84 92 93 94 95 96 97 98 99 100 $
>s005
1 2 3 4 5 6 7 8 9 10 11 12 14 15 16 17 18 19 20 21 22 23 $
83 84 85 86 87 88 32 33 34 35 36 37 38 39 40 41 42 43 44 45 46 52 51 50 49 48 47 53 54 55 56 57 58 59 $
60 64 63 62 61 65 66 67 68 69 70 71 72 73 74 75 76 77 78 79 80 81 82 $
24 25 26 27 28 29 30 31 89 90 91 92 99 97 98 96 95 94 93 100 $
>s004
1 2 3 4 5 7 8 9 10 11 12 13 14 15 16 17 18 19 20 21 22 23 $
83 84 85 86 87 88 32 33 34 35 36 37 38 45 44 43 42 41 40 39 46 47 48 49 65 66 67 68 69 70 71 72 73 74 75 76 77 78 79 80 81 82 $
60 61 62 63 64 50 51 52 53 54 55 56 57 58 59 $
24 25 26 27 28 29 30 31 89 90 91 92 93 94 95 96 98 97 99 100 $
