>root
1 2 3 4 5 6 7 8 9 10 11 12 13 14 15 16 17 18 19 20 21 $
22 23 24 25 26 27 28 29 30 31 32 33 34 35 36 37 38 39 40 41 42 43 44 45 46 47 48 49 50 $
51 52 53 54 55 56 57 58 59 60 61 62 63 64 65 66 67 68 69 70 71 72 73 74 75 76 77 78 79 80 81 82 83 84 85 86 87 88 $
89 90 91 92 93 94 95 96 97 98 99 100 $
>s001
1 2 3 4 5 6 7 8 -14 -13 -12 -11 -10 -9 15 16 17 18 19 20 21 $
51 52 53 54 55 56 57 58 59 60 61 62 63 64 65 66 25 26 27 28 29 30 31 32 33 34 35 36 37 38 39 40 41 42 43 44 45 46 47 48 49 50 $
22 23 24 -70 -69 -68 -67 71 72 73 -76 -75 -74 77 78 79 80 81 82 83 84 85 86 87 88 $
89 90 91 -95 -94 -93 -92 96 97 98 99 100 $
>s002
1 2 3 4 5 6 7 8 -14 -13 -12 -11 -10 -9 15 16 17 18 19 20 21 $
22 23 24 25 27 28 29 30 31 32 33 34 35 36 37 38 39 40 41 42 43 44 45 46 47 48 49 50 $
51 52 53 54 55 56 57 58 59 60 61 62 63 64 65 66 67 68 -73 -72 -71 -70 -69 -92 -91 -90 -89 $
-88 -87 -86 -85 -84 -83 -82 -81 -80 -79 -78 -77 -76 -75 -74 -97 -96 -95 -94 -93 98 99 100 $
>s004
1 2 3 4 5 6 7 8 9 10 11 12 13 14 15 16 17 18 19 50 $
22 23 24 25 26 27 28 29 30 31 32 33 34 35 36 37 38 39 40 41 42 43 44 -45 46 -53 -52 -51 $
-21 -20 -49 -48 -47 54 55 56 57 58 59 60 61 62 63 64 65 66 67 68 69 70 71 72 73 74 75 76 77 78 79 80 81 82 83 84 85 86 87 88 $
89 -95 -94 -93 -92 -91 -90 96 97 98 99 100 $
>s005
1 2 3 4 5 6 7 8 9 10 11 12 13 14 15 16 17 18 19 50 $
22 23 24 25 26 27 28 29 30 31 32 33 34 35 36 37 38 39 40 41 42 43 44 -45 46 47 48 49 20 21 $
51 52 53 54 55 56 57 58 59 60 61 62 63 64 65 66 67 68 69 70 71 72 -81 -80 -79 -78 -77 -76 -75 -74 -73 82 83 84 85 86 87 88 $
89 -95 -94 -93 -92 -91 -90 96 97 98 99 100 $
>s003
1 2 3 4 5 6 7 8 9 10 11 12 13 14 15 16 17 18 19 50 $
22 23 24 25 26 27 28 29 30 31 32 33 34 35 36 37 38 39 40 41 42 43 44 -48 -47 -46 -45 49 20 21 $
51 52 53 54 55 56 57 58 59 60 61 62 63 64 65 66 67 68 69 70 71 72 73 74 75 76 77 78 79 80 81 82 83 84 85 86 87 88 $
89 -95 -94 -96 90 91 92 93 97 98 99 100 $
